Dense results: {'params': {'learning_rate': 0.011310861746975967, 'loss_function': 'mean_squared_error', 'start_neurons': 16, 'max_neurons': 32, 'dropout': False, 'X_train':         concurrency  provider  input_level  tiobe_standard  tiobe_security  tiobe_functional  ...      bugs    effort    volume  difficulty  vocabulary    length
75386      0.125406 -0.796944     0.319932             0.0             0.0               0.0  ... -0.228927 -0.339157  2.645002   -0.248665    2.604415 -0.329466
76108     -1.090192 -0.796944     0.319932             0.0             0.0               0.0  ... -0.228927 -0.339157  2.645002   -0.248665    2.604415 -0.329466
179602    -1.090192  1.598343    -3.823615             0.0             0.0               0.0  ...  2.851872  2.867032 -0.433454    2.791789   -0.453682  2.860602
108503     1.422043  0.400699     0.319932             0.0             0.0               0.0  ... -0.406357 -0.357384 -0.437410   -0.551518   -0.458189 -0.359202
179806    -1.009152  1.598343    -3.823615             0.0             0.0               0.0  ...  2.851872  2.867032 -0.433454    2.791789   -0.453682  2.860602
...             ...       ...          ...             ...             ...               ...  ...       ...       ...       ...         ...         ...       ...
230976     0.125406 -0.796944     0.319932             0.0             0.0               0.0  ... -0.299881 -0.336433 -0.439496    0.043891   -0.458627 -0.338990
143524     1.422043 -0.796944     0.319932             0.0             0.0               0.0  ... -0.364951 -0.354478  0.169360   -0.457554    0.368129 -0.351265
3299      -0.664733  0.400699     0.319932             0.0             0.0               0.0  ... -0.403998 -0.357376 -0.438007   -0.557218   -0.460114 -0.358673
68116     -0.522913 -0.796944     0.319932             0.0             0.0               0.0  ... -0.228927 -0.339157  2.645002   -0.248665    2.604415 -0.329466
246246    -1.090192 -0.796944     0.319932             0.0             0.0               0.0  ... -0.299881 -0.336433 -0.439496    0.043891   -0.458627 -0.338990

[46171 rows x 24 columns], 'y_train': 75386     0.662893
76108    -0.506092
179602    2.855054
108503   -0.113127
179806    2.753971
            ...   
230976    0.143410
143524    0.856808
3299     -0.295426
68116     0.084521
246246   -0.495694
Name: duration, Length: 46171, dtype: float64, 'X_test':         concurrency  provider  input_level  tiobe_standard  tiobe_security  tiobe_functional  ...      bugs    effort    volume  difficulty  vocabulary    length
205534     0.125406  1.598343     0.319932             0.0             0.0               0.0  ... -0.411238 -0.357442 -0.440107   -0.565860   -0.463221 -0.360472
138474     1.422043 -0.796944     0.319932             0.0             0.0               0.0  ... -0.364951 -0.354478  0.169360   -0.457554    0.368129 -0.351265
339478    -1.009152  1.598343     0.319932             0.0             0.0               0.0  ... -0.411238 -0.357442 -0.440107   -0.565860   -0.463221 -0.360472
94668      0.125406 -0.796944     0.319932             0.0             0.0               0.0  ... -0.299881 -0.336433 -0.439496    0.043891   -0.458627 -0.338990
48945      0.125406  0.400699     0.319932             0.0             0.0               0.0  ... -0.403998 -0.357376 -0.438007   -0.557218   -0.460114 -0.358673
...             ...       ...          ...             ...             ...               ...  ...       ...       ...       ...         ...         ...       ...
141001     0.125406 -0.796944     0.319932             0.0             0.0               0.0  ... -0.364951 -0.354478  0.169360   -0.457554    0.368129 -0.351265
106499    -1.009152  0.400699     0.319932             0.0             0.0               0.0  ... -0.406357 -0.357384 -0.437410   -0.551518   -0.458189 -0.359202
101352    -1.161102  0.400699     0.319932             0.0             0.0               0.0  ... -0.406357 -0.357384 -0.437410   -0.551518   -0.458189 -0.359202
148524    -1.009152  0.400699    -3.823615             0.0             0.0               0.0  ...  2.869138  2.866864 -0.433416    2.774063   -0.453595  2.871713
6398       1.422043  0.400699     0.319932             0.0             0.0               0.0  ... -0.412805 -0.357459 -0.440088   -0.573030   -0.462958 -0.360895

[15391 rows x 24 columns], 'y_test': 205534   -0.493435
138474    1.031849
339478   -0.599044
94668    -0.196210
48945    -0.381120
            ...   
141001    0.083784
106499   -0.598443
101352   -0.417466
148524    4.211481
6398     -0.579529
Name: duration, Length: 15391, dtype: float64, 'dir': 'results/20251206_171516-opt_False-opt_ep_5-train_ep_100', 'type': 'train', 'epochs': 100, 'architecture': 'Dense', 'batch_size': 32}, 'model': <Sequential name=sequential, built=True>, 'train_results': <keras.src.callbacks.history.History object at 0xffff422b92d0>, 'X_test':         concurrency  provider  input_level  tiobe_standard  tiobe_security  tiobe_functional  ...      bugs    effort    volume  difficulty  vocabulary    length
205534     0.125406  1.598343     0.319932             0.0             0.0               0.0  ... -0.411238 -0.357442 -0.440107   -0.565860   -0.463221 -0.360472
138474     1.422043 -0.796944     0.319932             0.0             0.0               0.0  ... -0.364951 -0.354478  0.169360   -0.457554    0.368129 -0.351265
339478    -1.009152  1.598343     0.319932             0.0             0.0               0.0  ... -0.411238 -0.357442 -0.440107   -0.565860   -0.463221 -0.360472
94668      0.125406 -0.796944     0.319932             0.0             0.0               0.0  ... -0.299881 -0.336433 -0.439496    0.043891   -0.458627 -0.338990
48945      0.125406  0.400699     0.319932             0.0             0.0               0.0  ... -0.403998 -0.357376 -0.438007   -0.557218   -0.460114 -0.358673
...             ...       ...          ...             ...             ...               ...  ...       ...       ...       ...         ...         ...       ...
141001     0.125406 -0.796944     0.319932             0.0             0.0               0.0  ... -0.364951 -0.354478  0.169360   -0.457554    0.368129 -0.351265
106499    -1.009152  0.400699     0.319932             0.0             0.0               0.0  ... -0.406357 -0.357384 -0.437410   -0.551518   -0.458189 -0.359202
101352    -1.161102  0.400699     0.319932             0.0             0.0               0.0  ... -0.406357 -0.357384 -0.437410   -0.551518   -0.458189 -0.359202
148524    -1.009152  0.400699    -3.823615             0.0             0.0               0.0  ...  2.869138  2.866864 -0.433416    2.774063   -0.453595  2.871713
6398       1.422043  0.400699     0.319932             0.0             0.0               0.0  ... -0.412805 -0.357459 -0.440088   -0.573030   -0.462958 -0.360895

[15391 rows x 24 columns], 'y_test': 205534   -0.493435
138474    1.031849
339478   -0.599044
94668    -0.196210
48945    -0.381120
            ...   
141001    0.083784
106499   -0.598443
101352   -0.417466
148524    4.211481
6398     -0.579529
Name: duration, Length: 15391, dtype: float64, 'scaler': StandardScaler(), 'encoders': {'provider': LabelEncoder(), 'input_level': LabelEncoder()}}
