LSTM results: {'params': {'learning_rate': 0.011868258192468973, 'loss_function': 'mean_squared_error', 'start_neurons': 32, 'max_neurons': 32, 'dropout': False, 'X_train':         concurrency  provider  input_level  tiobe_standard  tiobe_security  ...  tiobe_coverage  tiobe_complexity  tiobe_compiler     tiobe  maintainability_index
59947     -0.519106 -0.800953     0.321015             0.0             0.0  ...             0.0         -0.433769             0.0 -0.395007               0.415245
74411      0.129602 -0.800953     0.321015             0.0             0.0  ...             0.0         -0.568677             0.0 -0.527064              -1.290382
96293     -1.005638 -0.800953     0.321015             0.0             0.0  ...             0.0         -0.433769             0.0 -0.395007               0.415245
67490      1.427019 -0.800953     0.321015             0.0             0.0  ...             0.0         -0.568677             0.0 -0.527064              -1.290382
212237    -1.162747  1.591681     0.321015             0.0             0.0  ...             0.0         -0.390097             0.0 -0.352206               1.366898
...             ...       ...          ...             ...             ...  ...             ...               ...             ...       ...                    ...
234765    -0.519106 -0.800953     0.321015             0.0             0.0  ...             0.0         -0.433769             0.0 -0.395007               0.415245
144068     0.129602 -0.800953     0.321015             0.0             0.0  ...             0.0         -0.568677             0.0 -0.527064              -1.290382
3299      -0.661011  0.395364     0.321015             0.0             0.0  ...             0.0          2.054917             0.0  2.042565               0.172563
68116     -0.519106 -0.800953     0.321015             0.0             0.0  ...             0.0         -0.568677             0.0 -0.527064              -1.290382
252626     0.129602 -0.800953     0.321015             0.0             0.0  ...             0.0         -0.433769             0.0 -0.395007               0.415245

[45889 rows x 13 columns], 'y_train': 59947    -0.446211
74411     0.566451
96293    -0.558618
67490     2.444968
212237   -0.560543
            ...   
234765    0.033396
144068   -0.336668
3299     -0.290631
68116     0.089763
252626   -0.556148
Name: duration, Length: 45889, dtype: float64, 'X_test':         concurrency  provider  input_level  tiobe_standard  tiobe_security  ...  tiobe_coverage  tiobe_complexity  tiobe_compiler     tiobe  maintainability_index
180376    -1.117134  1.591681     0.321015             0.0             0.0  ...             0.0         -0.390097             0.0 -0.352206               1.366898
281346    -0.843460  1.591681     0.321015             0.0             0.0  ...             0.0         -0.390097             0.0 -0.352206               0.070482
65164      0.129602 -0.800953     0.321015             0.0             0.0  ...             0.0         -0.433769             0.0 -0.395007               0.415245
193759    -0.661011  0.395364     0.321015             0.0             0.0  ...             0.0          2.054917             0.0  2.042565               0.172563
52912      0.129602  0.395364     0.321015             0.0             0.0  ...             0.0          2.054917             0.0  2.042565               0.172563
...             ...       ...          ...             ...             ...  ...             ...               ...             ...       ...                    ...
137083    -0.661011  1.591681     0.321015             0.0             0.0  ...             0.0         -0.390097             0.0 -0.352206               0.070482
68689      1.427019 -0.800953     0.321015             0.0             0.0  ...             0.0         -0.568677             0.0 -0.527064              -1.290382
197269     0.129602  1.591681     0.321015             0.0             0.0  ...             0.0         -0.390097             0.0 -0.352206               1.366898
179803    -1.005638  1.591681    -3.811159             0.0             0.0  ...             0.0         -0.568277             0.0 -0.839895              -1.290382
70240      0.129602 -0.800953     0.321015             0.0             0.0  ...             0.0         -0.568677             0.0 -0.527064              -1.290382

[15297 rows x 13 columns], 'y_test': 180376   -0.619285
281346   -0.556428
65164    -0.456822
193759   -0.421220
52912    -0.547349
            ...   
137083   -0.595913
68689     1.880850
197269   -0.505065
179803    2.742214
70240     0.889651
Name: duration, Length: 15297, dtype: float64, 'dir': 'results/20251206_175659-opt_False-opt_ep_5-train_ep_100', 'type': 'train', 'epochs': 100, 'architecture': 'LSTM', 'batch_size': 32}, 'model': <Sequential name=sequential_1, built=True>, 'train_results': <keras.src.callbacks.history.History object at 0xffff14477f10>, 'X_test':         concurrency  provider  input_level  tiobe_standard  tiobe_security  ...  tiobe_coverage  tiobe_complexity  tiobe_compiler     tiobe  maintainability_index
180376    -1.117134  1.591681     0.321015             0.0             0.0  ...             0.0         -0.390097             0.0 -0.352206               1.366898
281346    -0.843460  1.591681     0.321015             0.0             0.0  ...             0.0         -0.390097             0.0 -0.352206               0.070482
65164      0.129602 -0.800953     0.321015             0.0             0.0  ...             0.0         -0.433769             0.0 -0.395007               0.415245
193759    -0.661011  0.395364     0.321015             0.0             0.0  ...             0.0          2.054917             0.0  2.042565               0.172563
52912      0.129602  0.395364     0.321015             0.0             0.0  ...             0.0          2.054917             0.0  2.042565               0.172563
...             ...       ...          ...             ...             ...  ...             ...               ...             ...       ...                    ...
137083    -0.661011  1.591681     0.321015             0.0             0.0  ...             0.0         -0.390097             0.0 -0.352206               0.070482
68689      1.427019 -0.800953     0.321015             0.0             0.0  ...             0.0         -0.568677             0.0 -0.527064              -1.290382
197269     0.129602  1.591681     0.321015             0.0             0.0  ...             0.0         -0.390097             0.0 -0.352206               1.366898
179803    -1.005638  1.591681    -3.811159             0.0             0.0  ...             0.0         -0.568277             0.0 -0.839895              -1.290382
70240      0.129602 -0.800953     0.321015             0.0             0.0  ...             0.0         -0.568677             0.0 -0.527064              -1.290382

[15297 rows x 13 columns], 'y_test': 180376   -0.619285
281346   -0.556428
65164    -0.456822
193759   -0.421220
52912    -0.547349
            ...   
137083   -0.595913
68689     1.880850
197269   -0.505065
179803    2.742214
70240     0.889651
Name: duration, Length: 15297, dtype: float64, 'scaler': StandardScaler(), 'encoders': {'provider': LabelEncoder(), 'input_level': LabelEncoder()}}
