Results: {'Dense': {'params': {'learning_rate': 0.011310861746975967, 'loss_function': 'mean_squared_error', 'start_neurons': 16, 'max_neurons': 32, 'dropout': False, 'X_train':         concurrency  provider  input_level  total_operands  distinct_operands  ...    effort    volume  difficulty  vocabulary    length
279354    -1.130084  0.331350    -0.073564       -0.251406          -0.286777  ... -0.094658 -0.192328   -0.415742   -0.321688 -0.095179
140492    -1.166687 -0.651366    -0.073564        0.455309           0.566444  ... -0.005771  0.243887    1.381784    0.885051 -0.009625
112558     0.166681 -1.634083    -0.073564       -0.282584          -0.478752  ... -0.094906 -0.212327   -0.459038   -0.528103 -0.100554
27667      0.166681  0.331350    -0.073564       -0.292977          -0.542743  ... -0.094974 -0.218746   -0.480686   -0.607494 -0.102346
72494     -0.837266 -0.651366    -0.073564        0.455309           0.566444  ... -0.005771  0.243887    1.381784    0.885051 -0.009625
...             ...       ...          ...             ...                ...  ...       ...       ...         ...         ...       ...
189673    -1.130084 -0.651366    -0.073564        0.455309           0.566444  ... -0.005771  0.243887    1.381784    0.885051 -0.009625
114855     1.505278  0.331350    -0.073564       -0.292977          -0.542743  ... -0.094974 -0.218746   -0.480686   -0.607494 -0.102346
114918     1.505278  0.331350    -0.073564       -0.292977          -0.542743  ... -0.094974 -0.218746   -0.480686   -0.607494 -0.102346
142004     0.166681 -0.651366    -0.073564        0.455309           0.566444  ... -0.005771  0.243887    1.381784    0.885051 -0.009625
84709     -0.837266 -0.651366    -0.073564        0.455309           0.566444  ... -0.005771  0.243887    1.381784    0.885051 -0.009625

[1950 rows x 14 columns], 'y_train': 279354   -0.392947
140492   -0.279339
112558   -0.358796
27667    -0.124336
72494    -0.384093
            ...   
189673   -0.030161
114855    0.005657
114918    0.548974
142004   -0.326829
84709    -0.238979
Name: duration, Length: 1950, dtype: float64, 'X_test':         concurrency  provider  input_level  total_operands  distinct_operands  ...    effort    volume  difficulty  vocabulary    length
175285    -0.649026  1.314067    -0.073564       -0.159025           0.068732  ... -0.092043 -0.132502   -0.341719   -0.004125 -0.084802
24310     -0.837266  0.331350    -0.073564       -0.292977          -0.542743  ... -0.094974 -0.218746   -0.480686   -0.607494 -0.102346
26583      0.166681  0.331350    -0.073564       -0.292977          -0.542743  ... -0.094974 -0.218746   -0.480686   -0.607494 -0.102346
275913     1.505278 -0.651366    -0.073564        0.455309           0.566444  ... -0.005771  0.243887    1.381784    0.885051 -0.009625
174261    -0.649026  1.314067    -0.073564       -0.159025           0.068732  ... -0.092043 -0.132502   -0.341719   -0.004125 -0.084802
...             ...       ...          ...             ...                ...  ...       ...       ...         ...         ...       ...
173480    -0.649026  1.314067    -0.073564       -0.159025           0.068732  ... -0.092043 -0.132502   -0.341719   -0.004125 -0.084802
253090    -1.088253 -0.651366    -0.073564        0.697809           2.230225  ... -0.017330  0.534576    0.498565    2.091790  0.030688
77860      0.166681 -0.651366    -0.073564        0.455309           0.566444  ... -0.005771  0.243887    1.381784    0.885051 -0.009625
19393      0.166681  1.314067    -0.073564       -0.282584          -0.478752  ... -0.094906 -0.212327   -0.459038   -0.528103 -0.100554
29351     -1.151000  0.331350    -0.073564       -0.292977          -0.542743  ... -0.094974 -0.218746   -0.480686   -0.607494 -0.102346

[651 rows x 14 columns], 'y_test': 175285   -0.263069
24310    -0.355921
26583    -0.354944
275913   -0.218913
174261   -0.164639
            ...   
173480   -0.367362
253090   -0.333154
77860    -0.159522
19393    -0.273878
29351    -0.358796
Name: duration, Length: 651, dtype: float64, 'dir': 'results/20251116_150637-opt_False-opt_ep_5-train_ep_50', 'type': 'train', 'epochs': 50, 'architecture': 'Dense', 'batch_size': 32}, 'model': <Sequential name=sequential, built=True>, 'train_results': <keras.src.callbacks.history.History object at 0x7f84d156cb50>, 'X_test':         concurrency  provider  input_level  total_operands  distinct_operands  ...    effort    volume  difficulty  vocabulary    length
175285    -0.649026  1.314067    -0.073564       -0.159025           0.068732  ... -0.092043 -0.132502   -0.341719   -0.004125 -0.084802
24310     -0.837266  0.331350    -0.073564       -0.292977          -0.542743  ... -0.094974 -0.218746   -0.480686   -0.607494 -0.102346
26583      0.166681  0.331350    -0.073564       -0.292977          -0.542743  ... -0.094974 -0.218746   -0.480686   -0.607494 -0.102346
275913     1.505278 -0.651366    -0.073564        0.455309           0.566444  ... -0.005771  0.243887    1.381784    0.885051 -0.009625
174261    -0.649026  1.314067    -0.073564       -0.159025           0.068732  ... -0.092043 -0.132502   -0.341719   -0.004125 -0.084802
...             ...       ...          ...             ...                ...  ...       ...       ...         ...         ...       ...
173480    -0.649026  1.314067    -0.073564       -0.159025           0.068732  ... -0.092043 -0.132502   -0.341719   -0.004125 -0.084802
253090    -1.088253 -0.651366    -0.073564        0.697809           2.230225  ... -0.017330  0.534576    0.498565    2.091790  0.030688
77860      0.166681 -0.651366    -0.073564        0.455309           0.566444  ... -0.005771  0.243887    1.381784    0.885051 -0.009625
19393      0.166681  1.314067    -0.073564       -0.282584          -0.478752  ... -0.094906 -0.212327   -0.459038   -0.528103 -0.100554
29351     -1.151000  0.331350    -0.073564       -0.292977          -0.542743  ... -0.094974 -0.218746   -0.480686   -0.607494 -0.102346

[651 rows x 14 columns], 'y_test': 175285   -0.263069
24310    -0.355921
26583    -0.354944
275913   -0.218913
174261   -0.164639
            ...   
173480   -0.367362
253090   -0.333154
77860    -0.159522
19393    -0.273878
29351    -0.358796
Name: duration, Length: 651, dtype: float64, 'scaler': StandardScaler(), 'encoders': {'provider': LabelEncoder(), 'input_level': LabelEncoder()}}, 'LSTM': {'params': {'learning_rate': 0.021868258192468973, 'loss_function': 'mean_squared_error', 'start_neurons': 16, 'max_neurons': 16, 'dropout': False, 'X_train':         concurrency  provider  input_level  total_operands  distinct_operands  ...    effort    volume  difficulty  vocabulary    length
279354    -1.130084  0.331350    -0.073564       -0.251406          -0.286777  ... -0.094658 -0.192328   -0.415742   -0.321688 -0.095179
140492    -1.166687 -0.651366    -0.073564        0.455309           0.566444  ... -0.005771  0.243887    1.381784    0.885051 -0.009625
112558     0.166681 -1.634083    -0.073564       -0.282584          -0.478752  ... -0.094906 -0.212327   -0.459038   -0.528103 -0.100554
27667      0.166681  0.331350    -0.073564       -0.292977          -0.542743  ... -0.094974 -0.218746   -0.480686   -0.607494 -0.102346
72494     -0.837266 -0.651366    -0.073564        0.455309           0.566444  ... -0.005771  0.243887    1.381784    0.885051 -0.009625
...             ...       ...          ...             ...                ...  ...       ...       ...         ...         ...       ...
189673    -1.130084 -0.651366    -0.073564        0.455309           0.566444  ... -0.005771  0.243887    1.381784    0.885051 -0.009625
114855     1.505278  0.331350    -0.073564       -0.292977          -0.542743  ... -0.094974 -0.218746   -0.480686   -0.607494 -0.102346
114918     1.505278  0.331350    -0.073564       -0.292977          -0.542743  ... -0.094974 -0.218746   -0.480686   -0.607494 -0.102346
142004     0.166681 -0.651366    -0.073564        0.455309           0.566444  ... -0.005771  0.243887    1.381784    0.885051 -0.009625
84709     -0.837266 -0.651366    -0.073564        0.455309           0.566444  ... -0.005771  0.243887    1.381784    0.885051 -0.009625

[1950 rows x 14 columns], 'y_train': 279354   -0.392947
140492   -0.279339
112558   -0.358796
27667    -0.124336
72494    -0.384093
            ...   
189673   -0.030161
114855    0.005657
114918    0.548974
142004   -0.326829
84709    -0.238979
Name: duration, Length: 1950, dtype: float64, 'X_test':         concurrency  provider  input_level  total_operands  distinct_operands  ...    effort    volume  difficulty  vocabulary    length
175285    -0.649026  1.314067    -0.073564       -0.159025           0.068732  ... -0.092043 -0.132502   -0.341719   -0.004125 -0.084802
24310     -0.837266  0.331350    -0.073564       -0.292977          -0.542743  ... -0.094974 -0.218746   -0.480686   -0.607494 -0.102346
26583      0.166681  0.331350    -0.073564       -0.292977          -0.542743  ... -0.094974 -0.218746   -0.480686   -0.607494 -0.102346
275913     1.505278 -0.651366    -0.073564        0.455309           0.566444  ... -0.005771  0.243887    1.381784    0.885051 -0.009625
174261    -0.649026  1.314067    -0.073564       -0.159025           0.068732  ... -0.092043 -0.132502   -0.341719   -0.004125 -0.084802
...             ...       ...          ...             ...                ...  ...       ...       ...         ...         ...       ...
173480    -0.649026  1.314067    -0.073564       -0.159025           0.068732  ... -0.092043 -0.132502   -0.341719   -0.004125 -0.084802
253090    -1.088253 -0.651366    -0.073564        0.697809           2.230225  ... -0.017330  0.534576    0.498565    2.091790  0.030688
77860      0.166681 -0.651366    -0.073564        0.455309           0.566444  ... -0.005771  0.243887    1.381784    0.885051 -0.009625
19393      0.166681  1.314067    -0.073564       -0.282584          -0.478752  ... -0.094906 -0.212327   -0.459038   -0.528103 -0.100554
29351     -1.151000  0.331350    -0.073564       -0.292977          -0.542743  ... -0.094974 -0.218746   -0.480686   -0.607494 -0.102346

[651 rows x 14 columns], 'y_test': 175285   -0.263069
24310    -0.355921
26583    -0.354944
275913   -0.218913
174261   -0.164639
            ...   
173480   -0.367362
253090   -0.333154
77860    -0.159522
19393    -0.273878
29351    -0.358796
Name: duration, Length: 651, dtype: float64, 'dir': 'results/20251116_150637-opt_False-opt_ep_5-train_ep_50', 'type': 'train', 'epochs': 50, 'architecture': 'LSTM', 'batch_size': 32}, 'model': <Sequential name=sequential_1, built=True>, 'train_results': <keras.src.callbacks.history.History object at 0x7f84cc048c50>, 'X_test':         concurrency  provider  input_level  total_operands  distinct_operands  ...    effort    volume  difficulty  vocabulary    length
175285    -0.649026  1.314067    -0.073564       -0.159025           0.068732  ... -0.092043 -0.132502   -0.341719   -0.004125 -0.084802
24310     -0.837266  0.331350    -0.073564       -0.292977          -0.542743  ... -0.094974 -0.218746   -0.480686   -0.607494 -0.102346
26583      0.166681  0.331350    -0.073564       -0.292977          -0.542743  ... -0.094974 -0.218746   -0.480686   -0.607494 -0.102346
275913     1.505278 -0.651366    -0.073564        0.455309           0.566444  ... -0.005771  0.243887    1.381784    0.885051 -0.009625
174261    -0.649026  1.314067    -0.073564       -0.159025           0.068732  ... -0.092043 -0.132502   -0.341719   -0.004125 -0.084802
...             ...       ...          ...             ...                ...  ...       ...       ...         ...         ...       ...
173480    -0.649026  1.314067    -0.073564       -0.159025           0.068732  ... -0.092043 -0.132502   -0.341719   -0.004125 -0.084802
253090    -1.088253 -0.651366    -0.073564        0.697809           2.230225  ... -0.017330  0.534576    0.498565    2.091790  0.030688
77860      0.166681 -0.651366    -0.073564        0.455309           0.566444  ... -0.005771  0.243887    1.381784    0.885051 -0.009625
19393      0.166681  1.314067    -0.073564       -0.282584          -0.478752  ... -0.094906 -0.212327   -0.459038   -0.528103 -0.100554
29351     -1.151000  0.331350    -0.073564       -0.292977          -0.542743  ... -0.094974 -0.218746   -0.480686   -0.607494 -0.102346

[651 rows x 14 columns], 'y_test': 175285   -0.263069
24310    -0.355921
26583    -0.354944
275913   -0.218913
174261   -0.164639
            ...   
173480   -0.367362
253090   -0.333154
77860    -0.159522
19393    -0.273878
29351    -0.358796
Name: duration, Length: 651, dtype: float64, 'scaler': StandardScaler(), 'encoders': {'provider': LabelEncoder(), 'input_level': LabelEncoder()}}, 'BLSTM': {'params': {'learning_rate': 0.012410865746975945, 'loss_function': 'mean_squared_error', 'start_neurons': 16, 'max_neurons': 16, 'dropout': False, 'X_train':         concurrency  provider  input_level  total_operands  distinct_operands  ...    effort    volume  difficulty  vocabulary    length
279354    -1.130084  0.331350    -0.073564       -0.251406          -0.286777  ... -0.094658 -0.192328   -0.415742   -0.321688 -0.095179
140492    -1.166687 -0.651366    -0.073564        0.455309           0.566444  ... -0.005771  0.243887    1.381784    0.885051 -0.009625
112558     0.166681 -1.634083    -0.073564       -0.282584          -0.478752  ... -0.094906 -0.212327   -0.459038   -0.528103 -0.100554
27667      0.166681  0.331350    -0.073564       -0.292977          -0.542743  ... -0.094974 -0.218746   -0.480686   -0.607494 -0.102346
72494     -0.837266 -0.651366    -0.073564        0.455309           0.566444  ... -0.005771  0.243887    1.381784    0.885051 -0.009625
...             ...       ...          ...             ...                ...  ...       ...       ...         ...         ...       ...
189673    -1.130084 -0.651366    -0.073564        0.455309           0.566444  ... -0.005771  0.243887    1.381784    0.885051 -0.009625
114855     1.505278  0.331350    -0.073564       -0.292977          -0.542743  ... -0.094974 -0.218746   -0.480686   -0.607494 -0.102346
114918     1.505278  0.331350    -0.073564       -0.292977          -0.542743  ... -0.094974 -0.218746   -0.480686   -0.607494 -0.102346
142004     0.166681 -0.651366    -0.073564        0.455309           0.566444  ... -0.005771  0.243887    1.381784    0.885051 -0.009625
84709     -0.837266 -0.651366    -0.073564        0.455309           0.566444  ... -0.005771  0.243887    1.381784    0.885051 -0.009625

[1950 rows x 14 columns], 'y_train': 279354   -0.392947
140492   -0.279339
112558   -0.358796
27667    -0.124336
72494    -0.384093
            ...   
189673   -0.030161
114855    0.005657
114918    0.548974
142004   -0.326829
84709    -0.238979
Name: duration, Length: 1950, dtype: float64, 'X_test':         concurrency  provider  input_level  total_operands  distinct_operands  ...    effort    volume  difficulty  vocabulary    length
175285    -0.649026  1.314067    -0.073564       -0.159025           0.068732  ... -0.092043 -0.132502   -0.341719   -0.004125 -0.084802
24310     -0.837266  0.331350    -0.073564       -0.292977          -0.542743  ... -0.094974 -0.218746   -0.480686   -0.607494 -0.102346
26583      0.166681  0.331350    -0.073564       -0.292977          -0.542743  ... -0.094974 -0.218746   -0.480686   -0.607494 -0.102346
275913     1.505278 -0.651366    -0.073564        0.455309           0.566444  ... -0.005771  0.243887    1.381784    0.885051 -0.009625
174261    -0.649026  1.314067    -0.073564       -0.159025           0.068732  ... -0.092043 -0.132502   -0.341719   -0.004125 -0.084802
...             ...       ...          ...             ...                ...  ...       ...       ...         ...         ...       ...
173480    -0.649026  1.314067    -0.073564       -0.159025           0.068732  ... -0.092043 -0.132502   -0.341719   -0.004125 -0.084802
253090    -1.088253 -0.651366    -0.073564        0.697809           2.230225  ... -0.017330  0.534576    0.498565    2.091790  0.030688
77860      0.166681 -0.651366    -0.073564        0.455309           0.566444  ... -0.005771  0.243887    1.381784    0.885051 -0.009625
19393      0.166681  1.314067    -0.073564       -0.282584          -0.478752  ... -0.094906 -0.212327   -0.459038   -0.528103 -0.100554
29351     -1.151000  0.331350    -0.073564       -0.292977          -0.542743  ... -0.094974 -0.218746   -0.480686   -0.607494 -0.102346

[651 rows x 14 columns], 'y_test': 175285   -0.263069
24310    -0.355921
26583    -0.354944
275913   -0.218913
174261   -0.164639
            ...   
173480   -0.367362
253090   -0.333154
77860    -0.159522
19393    -0.273878
29351    -0.358796
Name: duration, Length: 651, dtype: float64, 'dir': 'results/20251116_150637-opt_False-opt_ep_5-train_ep_50', 'type': 'train', 'epochs': 50, 'architecture': 'BLSTM', 'batch_size': 32}, 'model': <Sequential name=sequential_2, built=True>, 'train_results': <keras.src.callbacks.history.History object at 0x7f84cc16d950>, 'X_test':         concurrency  provider  input_level  total_operands  distinct_operands  ...    effort    volume  difficulty  vocabulary    length
175285    -0.649026  1.314067    -0.073564       -0.159025           0.068732  ... -0.092043 -0.132502   -0.341719   -0.004125 -0.084802
24310     -0.837266  0.331350    -0.073564       -0.292977          -0.542743  ... -0.094974 -0.218746   -0.480686   -0.607494 -0.102346
26583      0.166681  0.331350    -0.073564       -0.292977          -0.542743  ... -0.094974 -0.218746   -0.480686   -0.607494 -0.102346
275913     1.505278 -0.651366    -0.073564        0.455309           0.566444  ... -0.005771  0.243887    1.381784    0.885051 -0.009625
174261    -0.649026  1.314067    -0.073564       -0.159025           0.068732  ... -0.092043 -0.132502   -0.341719   -0.004125 -0.084802
...             ...       ...          ...             ...                ...  ...       ...       ...         ...         ...       ...
173480    -0.649026  1.314067    -0.073564       -0.159025           0.068732  ... -0.092043 -0.132502   -0.341719   -0.004125 -0.084802
253090    -1.088253 -0.651366    -0.073564        0.697809           2.230225  ... -0.017330  0.534576    0.498565    2.091790  0.030688
77860      0.166681 -0.651366    -0.073564        0.455309           0.566444  ... -0.005771  0.243887    1.381784    0.885051 -0.009625
19393      0.166681  1.314067    -0.073564       -0.282584          -0.478752  ... -0.094906 -0.212327   -0.459038   -0.528103 -0.100554
29351     -1.151000  0.331350    -0.073564       -0.292977          -0.542743  ... -0.094974 -0.218746   -0.480686   -0.607494 -0.102346

[651 rows x 14 columns], 'y_test': 175285   -0.263069
24310    -0.355921
26583    -0.354944
275913   -0.218913
174261   -0.164639
            ...   
173480   -0.367362
253090   -0.333154
77860    -0.159522
19393    -0.273878
29351    -0.358796
Name: duration, Length: 651, dtype: float64, 'scaler': StandardScaler(), 'encoders': {'provider': LabelEncoder(), 'input_level': LabelEncoder()}}}
